--------------------------------------------------------------------------------
 Starting optimization process for ThermodynamicCycleProblem
 Optimization algorithm employed: slsqp
--------------------------------------------------------------------------------
     Grad-eval    Func-eval      Func-value     Infeasibility      Norm of step 
--------------------------------------------------------------------------------
             0            1      -1.192e-01        +0.000e+00        +0.000e+00 
             1            1      -1.192e-01        +0.000e+00        +0.000e+00 
             2            2      -1.207e-01        +0.000e+00        +3.829e-02 
             3            3      -1.281e-01        +0.000e+00        +1.923e-01 
             4            4      -1.689e-01        +0.000e+00        +9.825e-01 
             5            5      -2.376e-01        +0.000e+00        +1.447e+00 
             6            6      -2.383e-01        +0.000e+00        +2.814e-02 
             7            7      -2.415e-01        +0.000e+00        +1.411e-01 
             8            8      -2.583e-01        +0.000e+00        +7.151e-01 
             9            9      -3.105e-01        +0.000e+00        +1.905e+00 
            10           10      -3.261e-01        +0.000e+00        +5.153e-01 
            11           11      -3.380e-01        +0.000e+00        +3.533e-01 
            12           12      -3.568e-01        +0.000e+00        +5.185e-01 
            13           13      -3.662e-01        +1.611e-03        +2.323e-01 
            14           14      -3.662e-01        +2.791e-12        +1.160e-02 
            15           15      -3.668e-01        +2.728e-13        +5.959e-02 
            16           16      -3.695e-01        +7.839e-12        +2.906e-01 
            17           17      -3.773e-01        +1.893e-12        +1.279e+00 
            18           18      -3.813e-01        +1.251e-12        +1.409e+00 
            19           19      -3.846e-01        +3.208e-01        +1.863e+00 
            20           20      -3.873e-01        +1.052e-02        +3.566e-01 
            21           21      -3.874e-01        +1.418e-05        +1.250e-02 
            21           23      -3.874e-01        +1.418e-05        +0.000e+00 
--------------------------------------------------------------------------------
Success: True
Exit message: Optimization terminated successfully
Solution time: 34.520 seconds
--------------------------------------------------------------------------------
