--------------------------------------------------------------------------------------------------
 Starting optimization process for ThermodynamicCycleProblem
 Optimization algorithm employed: slsqp
--------------------------------------------------------------------------------------------------
     Grad-eval    Func-eval      Func-value     Infeasibility      Norm of step        Optimality 
--------------------------------------------------------------------------------------------------
             1            1      -2.353e-01        +8.858e+00        +0.000e+00        +1.504e-01 
             1            1      -2.353e-01        +8.858e+00        +0.000e+00        +1.504e-01 
             2            3      -1.999e-01        +4.368e+00        +7.037e-01        +1.088e-01 
             3            4      -1.733e-01        +4.915e-01        +1.851e+00        +7.982e-02 
             4            5      -1.637e-01        +1.138e-01        +1.651e+00        +9.746e-02 
             5            6      -1.702e-01        +5.148e-03        +2.232e-01        +8.924e-02 
             6            7      -1.753e-01        +9.400e-05        +1.019e-01        +9.289e-02 
             7            8      -1.850e-01        +3.214e-04        +1.959e-01        +1.017e-01 
             8            9      -1.913e-01        +4.641e-04        +1.404e-01        +1.095e-01 
             9           10      -2.038e-01        +2.866e-03        +3.011e-01        +1.283e-01 
            10           11      -2.144e-01        +3.443e-03        +2.662e-01        +1.434e-01 
            11           12      -2.206e-01        +1.013e-03        +1.461e-01        +6.247e-02 
            12           13      -2.359e-01        +5.190e-03        +3.424e-01        +1.656e-01 
            13           14      -2.362e-01        +6.168e-06        +4.338e-02        +3.789e-02 
            14           15      -2.403e-01        +4.614e-04        +1.588e-01        +1.637e-01 
            15           16      -2.463e-01        +7.367e-04        +3.023e-01        +1.709e-01 
            16           17      -2.586e-01        +9.013e-03        +7.091e-01        +1.994e-01 
            17           18      -2.625e-01        +3.654e-04        +2.089e-01        +1.868e-01 
            18           19      -2.673e-01        +1.031e-03        +2.800e-01        +1.962e-01 
            19           20      -2.699e-01        +9.115e-04        +3.269e-01        +1.946e-01 
            20           21      -2.709e-01        +2.106e-03        +2.644e-01        +1.907e-01 
            21           22      -2.722e-01        +8.598e-04        +1.300e-01        +3.302e-02 
            22           23      -2.780e-01        +9.626e-03        +4.289e-01        +2.159e-01 
            23           24      -2.832e-01        +2.845e-03        +3.243e-01        +2.195e-01 
            24           25      -2.834e-01        +3.129e-05        +2.470e-02        +8.165e-03 
            25           26      -2.844e-01        +1.082e-03        +1.243e-01        +6.815e-02 
            26           27      -2.888e-01        +2.726e-02        +5.890e-01        +2.122e-01 
            27           28      -2.939e-01        +6.710e-02        +1.146e+00        +2.311e-01 
            28           29      -2.920e-01        +9.378e-04        +1.071e-01        +2.254e-01 
            29           30      -2.921e-01        +3.244e-04        +5.665e-02        +2.746e-02 
            30           31      -2.922e-01        +2.457e-03        +1.680e-01        +1.047e-01 
            31           32      -2.922e-01        +6.659e-05        +3.026e-02        +2.732e-02 
            32           33      -2.922e-01        +4.427e-04        +8.010e-02        +1.049e-01 
            33           34      -2.923e-01        +9.412e-04        +1.355e-01        +2.299e-01 
            34           35      -2.926e-01        +2.316e-03        +2.751e-01        +2.432e-01 
            35           36      -2.927e-01        +5.602e-04        +8.050e-02        +5.352e-02 
            36           37      -2.929e-01        +5.025e-03        +2.494e-01        +2.316e-01 
            37           38      -2.928e-01        +4.662e-07        +4.206e-03        +1.756e-06 
            37           38      -2.928e-01        +4.662e-07        +0.000e+00        +1.756e-06 
--------------------------------------------------------------------------------------------------
 Success: True
 Exit message: Optimization terminated successfully
 Solution time: 41.581 seconds
--------------------------------------------------------------------------------------------------